255541
296861
316321
490722
497527
497974
504487
505047
505307
505367
506882
507567
508259
509867
509944
510325
511028
511059
511878
512202
515967
518682
519781
520153
520546
524920
526297
526407
528071
529275
534382
541759
552355
553868
553997
562837
567604
567712
582067
586603
586921
587328
587704
591441
595131
595229
635457
638013
642724
664202
667471
667858
668306
672677
678213
714944
732871
743191
746708
748308
751328
783121
785419
817901
850196
850212
858983
860212
903675
906364
927079
965816
966583
970027
989061
1002485
1042161
1054592
1058817
1072679
1072737
1073533
1100597
1101852
1111673
1158690
1185626
1187110
1195685
1207198
1211299
1212453
1247443
1253673
1256821
1260922
1261471
1269584
1280720
1287993
1301424
1307290
1346157
1355086
1356217
1366410
1373810
1406723
1432008
1483831
1519124
1546872
1551853
1569432
1569473
1572018
1589231
1591042
1592317
1598227
1604642
1615966
1621459
1624210
1648902
1672266
1672572
1674106
1682287
1683740
1684223
1685180
1704961
1724573
1737372
1764846
1798309
1803944
1806483
1806941
1826435
1853105
1880895
1881560
1889138
1937053
1951160
1997888
2023852
2024689
2059087
2174090
2199879
2237982
2263715
2278828
2279628
2287271
2328257
2328632
2330964
2331231
2336391
2336406
2339048
2339720
2340156
2340898
2341664
2385124
2385207
2386324
2387750
2394129
2395299
2398380
2416048
2463152
2512723
2514528
2587458
2595667
2597299
2598096
2599682
2606192
2620751
2621163
2629974
2641323
2656398
2667580
2684013
2686498
2696567
2705698
2742797
2761266
2784383
2801460
2802581
2828199
2829837
2833174
2834106
2897247
2906985
2909408
2914063
2969519
2978110
2986433
2986434
3002542
3098532
3105547
3113753
3157726
3189784
3218645
3221048
3231642
3231658
3232969
3238756
3238772
3302727
3337121
3338470
3411235
3468211
3500251
3517233
3527775
3527833
3528546
3560092
3701748
3710868
3721467
3723694
3725424
3740150
3749148
3761870
3763479
3787495
3802732
3810956
3839752
3839753
3922671
3943357
3945761
3956151
4034164
4058774
4111545
4113163
4192584
4206544
4218356
4230588
4260242
4283576
4357095
4498195
4502890
4587424
4653201
4687780
4699963
4773739
5021936
5022589
5033794
5034824
5206267
5318644
5318724
5562385
5571586
5577899
5841293
5984039
5996277
6063932
6063961
6107162
6113916
6124405
6354649
6366044
6844785
6938328
6971919
6987441
6994668
7005356
7019306
7089223
7146209
7152956
7234419
7235690
7260255
7267520
7300777
7636225
7636250
7683879
7722276
7753960
7860327
7925818
7975980
8169140
8249736
8284285
8477363
8495433
8576469
8673380
8809847
8823181
9068793
9254259
9276470
9727592
9762816
9821383
10018747
10121743
10535349
10601637
11005431
11122431
11374914
11553439
11597367
12034605
13202079
13591761
13803409
13837689
15121976
15182026
15256426
15342914
15776151
15948713
15980819
16360081
16646491
17056769
17200273
17650487
18386842
18544112
18560234
19378119
19445675
19760250
19760270
19760291
19760310
